11 11
1  -1.903  -5.279  -8.574  -11.598  -14.139  -15.935  -16.616  -15.618  -11.962  -5  
-1.737  -4.473  -10.225  -15.815  -20.862  -24.945  -27.537  -27.899  -24.902  -16.59  -12.295  
-3.834  -8.668  -18.613  -28.174  -36.686  -43.383  -47.304  -47.159  -41.118  -26.459  -17.229  
-5.294  -11.587  -24.382  -36.584  -47.325  -55.596  -60.137  -59.314  -50.951  -32.127  -20.064  
-6.149  -13.299  -27.746  -41.453  -53.436  -62.539  -67.334  -66.01  -56.244  -35.1  -21.55  
-6.431  -13.862  -28.85  -43.045  -55.426  -64.789  -69.651  -68.147  -57.916  -36.029  -22.015  
-6.149  -13.299  -27.746  -41.453  -53.436  -62.539  -67.334  -66.01  -56.244  -35.1  -21.55  
-5.294  -11.587  -24.382  -36.584  -47.325  -55.596  -60.137  -59.314  -50.951  -32.127  -20.064  
-3.834  -8.668  -18.613  -28.174  -36.686  -43.383  -47.304  -47.159  -41.118  -26.459  -17.229  
-1.737  -4.473  -10.225  -15.815  -20.862  -24.945  -27.537  -27.899  -24.902  -16.59  -12.295  
1  -2.07  -5.446  -8.741  -11.764  -14.306  -16.102  -16.783  -15.784  -12.128  -2  
