200

0 0 10
1 0 9
11 1 10

1 0 9
12 1 9
11 1 10

1 0 9
2 0 8
12 1 9

2 0 8
13 1 8
12 1 9

2 0 8
3 0 7
13 1 8

3 0 7
14 1 7
13 1 8

3 0 7
4 0 6
14 1 7

4 0 6
15 1 6
14 1 7

4 0 6
5 0 5
15 1 6

5 0 5
16 1 5
15 1 6

5 0 5
6 0 4
16 1 5

6 0 4
17 1 4
16 1 5

6 0 4
7 0 3
17 1 4

7 0 3
18 1 3
17 1 4

7 0 3
8 0 2
18 1 3

8 0 2
19 1 2
18 1 3

8 0 2
9 0 1
19 1 2

9 0 1
20 1 1
19 1 2

9 0 1
10 0 0
20 1 1

10 0 0
21 1 0
20 1 1

11 1 10
12 1 9
22 2 10

12 1 9
23 2 9
22 2 10

12 1 9
13 1 8
23 2 9

13 1 8
24 2 8
23 2 9

13 1 8
14 1 7
24 2 8

14 1 7
25 2 7
24 2 8

14 1 7
15 1 6
25 2 7

15 1 6
26 2 6
25 2 7

15 1 6
16 1 5
26 2 6

16 1 5
27 2 5
26 2 6

16 1 5
17 1 4
27 2 5

17 1 4
28 2 4
27 2 5

17 1 4
18 1 3
28 2 4

18 1 3
29 2 3
28 2 4

18 1 3
19 1 2
29 2 3

19 1 2
30 2 2
29 2 3

19 1 2
20 1 1
30 2 2

20 1 1
31 2 1
30 2 2

20 1 1
21 1 0
31 2 1

21 1 0
32 2 0
31 2 1

22 2 10
23 2 9
33 3 10

23 2 9
34 3 9
33 3 10

23 2 9
24 2 8
34 3 9

24 2 8
35 3 8
34 3 9

24 2 8
25 2 7
35 3 8

25 2 7
36 3 7
35 3 8

25 2 7
26 2 6
36 3 7

26 2 6
37 3 6
36 3 7

26 2 6
27 2 5
37 3 6

27 2 5
38 3 5
37 3 6

27 2 5
28 2 4
38 3 5

28 2 4
39 3 4
38 3 5

28 2 4
29 2 3
39 3 4

29 2 3
40 3 3
39 3 4

29 2 3
30 2 2
40 3 3

30 2 2
41 3 2
40 3 3

30 2 2
31 2 1
41 3 2

31 2 1
42 3 1
41 3 2

31 2 1
32 2 0
42 3 1

32 2 0
43 3 0
42 3 1

33 3 10
34 3 9
44 4 10

34 3 9
45 4 9
44 4 10

34 3 9
35 3 8
45 4 9

35 3 8
46 4 8
45 4 9

35 3 8
36 3 7
46 4 8

36 3 7
47 4 7
46 4 8

36 3 7
37 3 6
47 4 7

37 3 6
48 4 6
47 4 7

37 3 6
38 3 5
48 4 6

38 3 5
49 4 5
48 4 6

38 3 5
39 3 4
49 4 5

39 3 4
50 4 4
49 4 5

39 3 4
40 3 3
50 4 4

40 3 3
51 4 3
50 4 4

40 3 3
41 3 2
51 4 3

41 3 2
52 4 2
51 4 3

41 3 2
42 3 1
52 4 2

42 3 1
53 4 1
52 4 2

42 3 1
43 3 0
53 4 1

43 3 0
54 4 0
53 4 1

44 4 10
45 4 9
55 5 10

45 4 9
56 5 9
55 5 10

45 4 9
46 4 8
56 5 9

46 4 8
57 5 8
56 5 9

46 4 8
47 4 7
57 5 8

47 4 7
58 5 7
57 5 8

47 4 7
48 4 6
58 5 7

48 4 6
59 5 6
58 5 7

48 4 6
49 4 5
59 5 6

49 4 5
60 5 5
59 5 6

49 4 5
50 4 4
60 5 5

50 4 4
61 5 4
60 5 5

50 4 4
51 4 3
61 5 4

51 4 3
62 5 3
61 5 4

51 4 3
52 4 2
62 5 3

52 4 2
63 5 2
62 5 3

52 4 2
53 4 1
63 5 2

53 4 1
64 5 1
63 5 2

53 4 1
54 4 0
64 5 1

54 4 0
65 5 0
64 5 1

55 5 10
56 5 9
66 6 10

56 5 9
67 6 9
66 6 10

56 5 9
57 5 8
67 6 9

57 5 8
68 6 8
67 6 9

57 5 8
58 5 7
68 6 8

58 5 7
69 6 7
68 6 8

58 5 7
59 5 6
69 6 7

59 5 6
70 6 6
69 6 7

59 5 6
60 5 5
70 6 6

60 5 5
71 6 5
70 6 6

60 5 5
61 5 4
71 6 5

61 5 4
72 6 4
71 6 5

61 5 4
62 5 3
72 6 4

62 5 3
73 6 3
72 6 4

62 5 3
63 5 2
73 6 3

63 5 2
74 6 2
73 6 3

63 5 2
64 5 1
74 6 2

64 5 1
75 6 1
74 6 2

64 5 1
65 5 0
75 6 1

65 5 0
76 6 0
75 6 1

66 6 10
67 6 9
77 7 10

67 6 9
78 7 9
77 7 10

67 6 9
68 6 8
78 7 9

68 6 8
79 7 8
78 7 9

68 6 8
69 6 7
79 7 8

69 6 7
80 7 7
79 7 8

69 6 7
70 6 6
80 7 7

70 6 6
81 7 6
80 7 7

70 6 6
71 6 5
81 7 6

71 6 5
82 7 5
81 7 6

71 6 5
72 6 4
82 7 5

72 6 4
83 7 4
82 7 5

72 6 4
73 6 3
83 7 4

73 6 3
84 7 3
83 7 4

73 6 3
74 6 2
84 7 3

74 6 2
85 7 2
84 7 3

74 6 2
75 6 1
85 7 2

75 6 1
86 7 1
85 7 2

75 6 1
76 6 0
86 7 1

76 6 0
87 7 0
86 7 1

77 7 10
78 7 9
88 8 10

78 7 9
89 8 9
88 8 10

78 7 9
79 7 8
89 8 9

79 7 8
90 8 8
89 8 9

79 7 8
80 7 7
90 8 8

80 7 7
91 8 7
90 8 8

80 7 7
81 7 6
91 8 7

81 7 6
92 8 6
91 8 7

81 7 6
82 7 5
92 8 6

82 7 5
93 8 5
92 8 6

82 7 5
83 7 4
93 8 5

83 7 4
94 8 4
93 8 5

83 7 4
84 7 3
94 8 4

84 7 3
95 8 3
94 8 4

84 7 3
85 7 2
95 8 3

85 7 2
96 8 2
95 8 3

85 7 2
86 7 1
96 8 2

86 7 1
97 8 1
96 8 2

86 7 1
87 7 0
97 8 1

87 7 0
98 8 0
97 8 1

88 8 10
89 8 9
99 9 10

89 8 9
100 9 9
99 9 10

89 8 9
90 8 8
100 9 9

90 8 8
101 9 8
100 9 9

90 8 8
91 8 7
101 9 8

91 8 7
102 9 7
101 9 8

91 8 7
92 8 6
102 9 7

92 8 6
103 9 6
102 9 7

92 8 6
93 8 5
103 9 6

93 8 5
104 9 5
103 9 6

93 8 5
94 8 4
104 9 5

94 8 4
105 9 4
104 9 5

94 8 4
95 8 3
105 9 4

95 8 3
106 9 3
105 9 4

95 8 3
96 8 2
106 9 3

96 8 2
107 9 2
106 9 3

96 8 2
97 8 1
107 9 2

97 8 1
108 9 1
107 9 2

97 8 1
98 8 0
108 9 1

98 8 0
109 9 0
108 9 1

99 9 10
100 9 9
110 10 10

100 9 9
111 10 9
110 10 10

100 9 9
101 9 8
111 10 9

101 9 8
112 10 8
111 10 9

101 9 8
102 9 7
112 10 8

102 9 7
113 10 7
112 10 8

102 9 7
103 9 6
113 10 7

103 9 6
114 10 6
113 10 7

103 9 6
104 9 5
114 10 6

104 9 5
115 10 5
114 10 6

104 9 5
105 9 4
115 10 5

105 9 4
116 10 4
115 10 5

105 9 4
106 9 3
116 10 4

106 9 3
117 10 3
116 10 4

106 9 3
107 9 2
117 10 3

107 9 2
118 10 2
117 10 3

107 9 2
108 9 1
118 10 2

108 9 1
119 10 1
118 10 2

108 9 1
109 9 0
119 10 1

109 9 0
120 10 0
119 10 1

